 8447 7431 7794 7528 1662

 8639 7852 7896 3104 2033

 787 2142 1091 7447 5866

 804 8030 7273 7835 2532

 3636 2684 7587 7258 3360

 7562 7091 2735 6567 7706

 1853 5017 5144 9622 2555

 6799 8268 419 4707 1399

 2445 5490 3533 3532 2957

 9379 4332 1009 6675 2191

 9956 349 4865 1148 7584

 8212 8686 4708 995 5289

 2449 2841 352 7576 2497

 2898 4418 806 3315 9108

 2200 5751 4651 5721 9269

 7597 5146 3663 8599 1878

 5845 2199 2225 777 3342

 9785 8963 2088 4563 41

 7359 7003 2873 7707 4647

 5361 691 9049 6162 3995

 8227 8353 9726 2964 4158

 9069 643 9285 2826 9214

 1266 8651 1516 3483 9423

 4847 3353 8472 6926 7901

 8510 4382 5002 1495 2188

 9632 6839 2875 8779 3109

 6856 7109 1567 6683 196

 5711 5858 836 5104 8673

 162 6363 7437 1673 9833

 6974 6504 3320 5565 3556

 1346 4199 7923 6331 5688

 257 6088 2661 3123 4997

 5759 118 2244 7318 6780

 2438 3175 2785 3271 8262

 1601 3431 4775 9013 5097

 4752 6139 1756 8060 1864

 5300 9398 6049 3380 5890

 1902 3634 2145 4553 6745

 7124 483 6860 9358 7778

 3812 1983 1139 6587 5242

 9373 8180 8660 4334 7367

 3944 9894 3691 5693 7310

 5548 1186 6888 1789 4554

 2974 3684 8175 5110 8221

 5117 2432 8700 2178 1984

 6676 5976 3960 7809 2770

 9184 7382 1155 8047 1934

 8498 2213 1211 2414 7886

 8497 7943 9066 5605 9724

 3849 8567 3641 2245 3908

 2085 7345 6330 1011 9513

 8305 7665 5725 2508 5706

 8484 1924 3325 9633 209

 5252 8367 9761 6457 1040

 545 5197 8957 9582 1057

 8922 3692 9596 2827 5928

 3768 4905 3531 360 5910

 3298 9994 3836 9003 1426

 9522 7749 3343 3127 7643

 3549 8361 6278 5954 5094

 7313 6496 576 6542 6349

 1628 5741 335 1502 8557

 6244 5257 3756 75 5614

 9645 3362 4541 3785 2655

 5960 3597 700 9290 6713

 8318 3152 5372 4902 9085

 779 2521 9815 1352 9041

 2552 9784 5098 2885 4469

 3966 9930 51 7708 9179

 5646 7667 9872 519 1787

 5519 6460 5371 6215 6072

 2416 4861 9211 7769 105

 8625 8542 2618 4857 252

 1995 7399 3216 7075 642

 7669 1398 93 7717 9081

 9242 3718 7098 2483 4234

 8876 7984 1054 4610 4561

 7106 7016 9404 6674 5148

 9506 5660 4054 2506 894

 4303 4493 9963 7506 1943

 8905 5550 3336 8994 3644

 2792 8611 7349 275 1493

 1978 9122 9450 3027 4130

 4409 526 1540 4200 7177

 6670 4095 3239 1132 6591

 4129 5420 9876 2797 3330

 9828 2104 8860 6755 1504

 2925 9536 523 688 247

 2010 2658 9339 1873 5674

 3898 6266 6196 5431 900

 3798 2529 4982 7025 3656

 2006 1594 9056 3495 9878

 2833 6913 6477 2127 4109

 7973 5041 4080 8492 5724

 4324 964 8372 4105 2830

 4500 7989 9075 1153 3879

 450 4938 6397 5414 2423

 525 7411 4011 40 1382

 8376 2863 8272 5323 4981

 2860 3765 502 6925 2728

 6207 1734 3688 5053 5825

 6507 43 4293 6059 1192

 8157 6505 6113 5045 9732

 8526 5566 318 3040 5603

 1694 1909 8455 462 7214

 3943 3312 9590 4441 743

 4211 1158 2471 7885 6193

 8275 9718 6234 3090 1482

 7420 1762 7964 9607 6789

 913 3098 2882 1228 6126

 8466 2916 8027 7444 3375

 5770 1928 9611 7256 6354

 7412 2012 7505 435 9436

 4241 8683 9609 1022 2330

 6797 8417 4085 5306 3030

 9710 6214 6116 4297 7436

 2801 9931 923 1384 1318

 4286 7134 9577 1525 4953

 161 8912 6957 7641 9342

 7387 2463 8591 3288 3480

 1512 664 9467 5582 5952

 9958 7001 2751 2192 1891

 772 9547 5194 1691 6359

 6506 5962 9427 351 7480

 9021 511 6982 6575 8127

 6917 4562 1206 6107 7838

 4674 7611 8496 7135 3806

 5061 3241 1420 7801 5424

 3304 9753 1031 8480 9605

 7368 5608 6836 2086 5956

 4939 1728 6463 2550 8281

 5216 100 9886 6417 6186

 1954 1735 4433 1085 8845

 8224 6129 2740 306 4571

 8145 3598 3781 9169 2723

 4671 7187 8311 2161 9263

 4925 7082 1665 2049 9331

 604 7247 405 4074 4329

 6570 6020 6056 1679 7099

 9483 572 3903 8294 876

 8457 7111 4462 2926 6952

 7174 7579 4820 6164 440

 4761 1782 7498 6419 3823

 7799 7018 9458 8200 1796

 6075 5467 7795 9539 7139

 5593 8378 9906 9735 7372

 8577 8637 5189 3755 2285

 2852 1640 9697 7654 7782

 1013 3138 299 8485 279

 9535 7002 9982 5863 5922

 9060 2667 2122 9293 5489

 9235 3907 4595 7672 4114

 2702 6979 9405 7872 1484

 9839 1478 3117 9747 9106

 1643 7338 3003 1940 6566

 3280 6034 4320 1306 9680

 1002 1117 5312 3115 8670

 1566 3105 3349 6145 9897

 7448 8836 8495 1711 7473

 766 7449 8944 3872 4555

 8816 5508 2669 2610 7439

 18 5878 4258 9529 9580

 6902 5320 8288 3007 8423

 7742 4567 2333 1895 1509

 3866 139 1137 3154 1843

 8584 3916 94 8323 7773

 4634 7938 4093 7292 1372

 2341 7308 7229 6584 2454

 5220 4301 7755 4322 7296

 6993 2883 2692 164 4770

 4195 4016 4907 5327 7157

 6742 4736 1915 6833 3889

 522 2311 2662 4600 442

 4028 6931 7725 2099 4359

 1038 7300 8644 8767 2480

 9455 6609 5351 348 6770

 984 4529 1652 5873 720

 8784 3477 5440 1578 1175

 204 2097 9113 2857 6680

 9173 6869 4483 2512 8958

 8826 3545 7133 8341 3185

 508 6011 679 5840 6355

 7424 6818 1779 9068 3584

 2496 8735 7047 7915 1225

 8216 8116 3314 2602 1885

 896 6503 8729 5363 9711

 9174 5089 3466 6624 4335

 6639 7127 1261 7312 3884

 7594 5650 1621 308 5630

 5191 2794 5281 3161 1631

 6500 2300 671 754 4891

 2549 1646 2328 2206 6990

 2260 1721 3022 5713 8321

 7340 3293 6389 8594 1549

 9451 7130 7179 2842 7434

 3762 8014 1193 3 9988

 2818 6480 4432 3485 7228

 291 6024 8866 9196 8219

 6820 9643 924 823 1547

 212 8137 4828 6579 7697

 6370 7800 5803 4525 1634

 4214 8273 628 5401 9507

 2762 8207 5739 7178 2693

 3956 7465 8694 3809 1083

 7903 1626 5927 8821 2444

 7466 56 1580 9359 6612

 281 682 5415 6063 5192

 7042 1297 4472 9743 6679

 9266 1457 5898 517 8609

 8579 4459 7093 8289 8253

 8170 7213 9417 5127 7056

 3358 3622 9868 4930 9538

 4756 5208 7591 1214 2312

 3827 8231 3603 8282 6936

 1329 3092 8385 7205 3605

 8036 6829 9766 6181 6166

 9592 5402 4435 8265 9543

 9346 2695 5202 722 7607

 3180 5460 3887 1837 6668

 6189 9058 5965 877 5000

 3975 9929 8080 3433 484

 2775 2547 7289 9814 8705

 4542 336 9728 73 8572

 6783 2614 2373 3084 3332

 1073 6252 8771 4946 8897

 6539 2239 4835 3609 3111

 947 7569 5302 131 9247

 5782 2897 4659 4182 4791

 4473 8706 5124 794 8775

 4810 7553 2524 7172 1773

 5842 8239 8001 5735 9222

 7206 3405 6548 3179 7000

 807 4121 5703 6089 4250

 7816 3015 9366 3624 7181

 3077 8875 7026 8181 9493

 6943 4147 8868 634 2473

 513 6455 1865 9256 3352

 6168 6849 6743 3880 1205

 9147 4682 5310 9288 1942

 739 9204 9619 7848 4377

 3300 2113 3629 9565 1468

 3670 8421 5600 2419 260

 8062 2929 6692 1131 2598

 1245 7276 640 7963 2359

 1840 4072 7023 9028 9919

 181 7864 6606 5109 6911

 2195 8395 246 5810 1125

 1709 702 9046 7288 8870

 1012 6560 6028 7679 7684

 8614 163 6179 497 8098

 8527 9430 8843 6776 9561

 8895 6954 8524 7066 3302

 9599 512 8788 6910 6301

 4049 8610 6998 4798 9275

 1366 5804 8802 9270 4729

 3877 7230 4889 1312 7722

 4237 1090 1323 7628 7841

 2008 8107 6055 9786 6435

 8976 8432 8824 3552 6610

 4515 9945 6485 9832 9922

 4896 4144 748 1127 2793

 5459 4989 1304 1637 6294

 9542 9863 7377 8978 4772

 9073 3626 4166 3852 5407

 1897 4482 5130 137 8019

 9481 4636 6901 829 7408

 1879 5707 2868 2622 6827

 8903 9821 3134 6946 1028

 745 7250 6865 8095 213

 2962 5918 3826 7112 1104

 563 9381 5569 9555 487

 4913 58 5106 3146 883

 3846 5016 6569 6702 7627

 4735 3696 8777 7856 1985

 8045 8595 582 6255 8032

 793 581 5304 4604 9653

 6402 5163 8013 3333 9918

 9207 9899 2255 4968 2748

 8662 190 7745 1071 6868

 6737 5788 1945 5131 5013

 3922 4547 4978 9524 2183

 4385 5288 2761 1077 1283

 1810 7455 6426 1207 9875

 31 1088 1802 2277 6037

 4539 5398 6224 3678 9347

 4490 1816 9545 8587 6928

 80 1763 2888 5039 6246

 5062 843 2950 7810 1916

 4227 1052 786 2072 2253

 2966 2102 9597 4760 4370

 800 732 1200 9393 4396

 7638 8737 6204 2737 790

 4565 2815 8893 7441 9981

 235 3948 140 3174 3198

 2048 7384 4244 2831 921

 6487 5784 3014 1287 2004

 7366 2083 2733 8825 543

 9888 7653 3460 4779 1867

 4246 817 4670 6782 8230

 3971 7013 3658 9254 1672

 6843 6148 531 2572 470

 1447 541 6233 4449 1823

 8613 3299 3897 2461 3339

 4436 1062 2481 7882 5823

 4339 3632 6635 515 1912

 6358 4470 426 1530 92

 2091 8346 6216 2619 2440

 6682 4059 2978 4429 30

 4793 4165 3316 217 6615

 6642 4637 7670 660 4038

 5020 9388 7655 3182 5493

 1112 8879 9691 1536 2596

 1593 3618 8820 7785 6226

 4903 6007 1835 7868 1987

 9820 4212 6136 5167 4426

 4300 3359 622 3519 4015

 4645 9343 560 3853 3270

 6032 4959 4337 7526 8742

 6921 8763 1683 976 53

 9466 5860 8580 1309 5297

 9023 3165 1093 5728 8312

 5502 1616 3263 6120 5121

 7262 2357 5218 7817 6194

 90 5441 2750 4411 4557

 833 2927 5254 2509 9554

 5305 1990 1363 2946 9033

 9064 2561 6445 9132 8266

 9385 4841 1511 1247 2576

 6611 123 4922 3452 7911

 8541 3540 4976 5476 7933

 1165 6304 2499 6399 456

 6382 3338 2439 7737 6272

 5718 6010 8744 3801 5369

 385 8582 1858 1889 3043

 4423 147 3164 999 3585

 2720 3725 9298 7676 859

 6693 8476 8730 864 6890

 7590 7221 1900 1706 6616

 8147 7401 9492 320 2880

 1336 8408 9369 3186 2584

 7704 8937 2729 2557 288

 6300 5266 3999 5090 4621

 4853 3467 5132 3677 4326

 3710 2954 3236 5601 9927

 1546 5437 3746 5822 5753

 6613 7150 6451 2996 2051

 753 2401 1345 3471 4947

 9050 9460 1929 5613 6552

 6531 2187 1747 3385 5849

 9307 7079 537 1025 4406

 5170 2565 1574 654 9838

 7304 7242 7241 5487 9803

 1043 9462 4374 2382 1455

 1067 4006 2931 2987 9072

 9029 1264 3544 2967 4635

 1145 776 3464 9306 9280

 7851 8923 4350 1199 7477

 4466 262 6476 9187 8396

 240 4504 3729 4597 6875

 5176 5657 9842 8094 431

 4020 1115 1689 7549 4071

 6306 494 8363 1563 2166

 6628 1195 781 2773 2389

 45 7220 2649 9698 2491

 174 6732 6976 9140 3133

 5648 871 596 125 763

 1024 9574 9556 2706 9237

 8977 824 3973 2586 2380

 9333 1030 3569 6904 3792

 5947 6945 9484 432 5263

 5311 605 3820 4112 4479

 6939 8915 5344 7529 1718

 6101 408 5830 7965 3103

 1163 5733 9921 5120 177

 6291 3095 1202 1717 1846

 4979 7640 641 7797 8068

 5883 4966 550 1570 945

 5011 369 2533 2221 7869

 4243 8608 165 9600 19

 3256 3101 5729 7161 8418

 5902 9146 3183 7097 7035

 8449 3961 6551 5656 3635

 9099 3426 8193 7041 8693

 1435 3947 5354 3957 6157

 5111 103 6344 5273 2038

 8364 441 5125 3992 7574

 5222 8333 8854 324 9932

 3752 5324 4750 2215 2896

 311 626 6307 802 8123

 3220 2230 3516 500 6170

 1599 5591 6270 7917 2796

 254 6206 3234 5359 2140

 2738 9668 3934 9996 9026

 8634 3229 112 1433 5433

 8271 1742 8712 1252 2539

 5638 8953 4759 9218 4955

 9661 2709 2505 1113 2579

 9940 1365 747 8751 8636

 2878 3224 1203 6795 2717

 4033 3505 5932 4143 4931

 9915 7125 6664 1376 374

 1196 6991 4815 5937 111

 1759 819 2809 4254 9443

 5376 1537 3286 6117 2031

 1982 1003 9800 8841 7771

 7945 7195 3287 5880 3348

 228 1238 2477 6866 2608

 2849 91 1609 7644 6004

 8140 8084 9088 8704 5671

 8187 1914 7199 4053 57

 1271 6025 1056 6491 1244

 851 9648 468 4125 4373

 3803 8217 9756 6268 3251

 266 1170 3341 9879 853

 1391 3577 2281 255 8328

 5 1032 2054 7175 5069

 2109 520 9673 3159 6985

 4389 4005 5505 8951 202

 1949 730 4534 7531 6973

 7975 7792 234 3194 1749

 8980 4577 8149 3355 4829

 5455 9202 5855 9287 2613

 3012 1708 3130 6150 8355

 2202 2636 959 8755 7469

 1159 1744 316 5675 1369

 7261 5539 1258 7491 847

 2999 699 5406 421 4039

 2349 7892 9768 319 5461

 8865 3319 7159 5238 1588

 4136 7429 4213 8291 9162

 8336 6242 1116 4113 4046

 2479 3501 1719 3731 3120

 2562 6716 3814 109 7132

 2 9939 5129 7354 2765

 2736 1636 6069 2040 6853

 7648 6159 6428 4019 8747

 5807 7803 1804 6916 4081

 5832 1569 7566 7542 5284

 2861 2283 4163 6659 2390

 3461 6658 4827 767 8752

 9246 3492 9 5824 5522

 6835 9654 3861 5443 1857

 7251 3436 9871 9236 2538

 5904 7067 4099 8091 6796

 8972 725 1289 5726 7357

 3668 9628 6213 703 9321

 4596 9808 5637 4603 6284

 3370 3645 4142 9475 1305

 5990 9951 4727 64 170

 7252 5944 7208 3580 3825

 6225 5152 4545 9601 3108

 4127 3413 4499 9367 8146

 6648 7148 4591 4524 3994

 3113 145 7623 7237 7330

 1191 5472 6248 5897 5533

 6415 5394 3728 5870 1237

 7535 4349 6368 4343 4108

 1746 738 9437 8435 8488

 3888 5137 8018 8269 1935

 6686 8416 2078 9376 9975

 1678 59 1111 9109 8002

 6620 6593 3610 2639 4746

 8192 2455 1389 3494 6779

 5479 5232 7511 5271 3750

 3114 1463 1187 5811 2212

 8756 4795 6048 5182 3671

 1722 6851 8720 9721 7051

 1970 9822 9395 9851 4384

 3017 2725 6826 4399 9638

 5921 2201 3760 5748 7450

 7493 9079 1256 1026 9625

 3458 4126 4116 1839 1644

 130 3553 830 3843 6367

 8456 8997 482 9642 3712

 9884 1519 6425 4017 5899

 8352 2289 467 1097 392

 267 941 1585 1518 1961

 927 4961 7827 5025 6790

 95 5153 2719 8525 9165

 8235 1136 7151 1933 7255

 3246 6759 1168 2046 3162

 8964 8546 9112 7504 501

 5828 179 1437 7404 8197

 3389 741 6629 1850 5745

 5809 1944 3297 938 2859

 4662 2385 3989 4210 4309

 9595 8536 3472 4805 1910

 6619 4253 1319 8859 8458

 1817 2716 4341 3247 8112

 6021 7694 8415 7920 910

 1441 3303 2845 4724 4235

 5691 1821 9123 2120 6013

 7893 7651 8119 6814 2995

 249 7721 7850 1562 2791

 3845 3371 5495 639 6603

 491 8477 5670 3747 4160

 6574 5180 9986 1888 2367

 4148 9910 4179 9874 2152

 2656 6559 367 1008 5837

 9212 1255 4178 3046 2810

 6956 6873 6165 4929 12

 5243 8967 7564 3397 1654

 3269 9160 6812 8530 9953

 1681 7327 8550 8849 3047

 6511 1006 2100 7891 2009

 437 2732 3258 8206 5764

 6054 9456 5139 7546 9572

 5149 8482 6887 4277 5862

 1072 8886 845 398 3257

 5159 8556 3100 2057 438

 6132 1092 1440 774 7524

 3439 1209 3211 8464 5787

 8362 5269 2384 8189 2536

 3871 4319 5005 3296 1146

 3411 4362 1217 4251 8939

 8023 1963 6816 8358 9512

 7249 6230 5096 1263 8732

 9396 4687 9989 8505 3929

 8842 2870 1767 1513 2063

 4292 5367 9858 8167 9703

 102 7438 5589 1313 2105

 2928 9464 8463 2323 9116

 662 2153 7413 5736 3409

 4269 3909 693 5050 5267

 4605 4190 8659 6362 5695

 2799 3260 3664 8568 5123

 4904 1863 3001 8103 3169

 5095 6015 1534 8850 965

 22 2431 8607 4689 9439

 6501 1584 4679 7188 8359

 2573 4422 3434 3313 3410

 1758 6099 6655 7867 9378

 4414 2948 2365 7756 6035

 5520 9656 7356 7044 6900

 8174 7063 1991 1414 4404

 8186 8649 5978 110 400

 5240 2671 4803 1340 5968

 882 9461 7757 197 1162

 5233 4592 4097 280 4653

 2800 5776 2464 166 5488

 2035 5790 5221 9148 9534

 2309 6775 460 970 6881

 858 6187 2250 5640 7902

 908 6516 3310 9685 6709

 4465 8489 4001 9889 3821

 1358 7951 2298 3811 4217

 492 5835 2713 5690 2566

 2611 724 9316 3068 7585

 1641 3920 591 8811 2279

 9006 4782 7406 4118 7840

 943 1314 6647 4926 2574

 3204 6276 7811 9394 2828

 3565 5977 9960 6264 4405

 3953 9694 7370 5991 8808

 6802 394 1356 9409 4257

 8831 980 1795 5128 5080

 4900 6065 6386 8424 8064

 1732 9591 2788 1101 5742

 5602 4650 4484 6992 3680

 1663 3721 5299 6763 2485

 2759 6334 2876 4107 6492

 7113 7918 272 9322 5625

 5330 9161 4475 9769 8286

 8169 6222 3949 3799 135

 7200 2196 4764 6948 7979

 1251 1428 5686 6527 991

 988 2103 7639 3850 6191

 7693 9719 6705 6861 5464

 9967 5006 4859 2441 2329

 1364 3459 1370 5295 8384

 1503 619 2276 6245 391

 4248 345 1812 2766 8499

 9571 3748 8220 9564 445

 825 2355 9149 8113 2055

 2504 8242 7038 215 792

 2229 1572 4236 3592 7140

 4323 5087 339 9801 4187

 727 3700 4528 2531 6452

 4230 5315 3073 6016 1119

 3514 9997 3463 589 99

 5507 3081 5564 7649 8370

 6350 539 4856 3473 4115

 7898 687 2090 4912 159

 6257 5634 3842 3682 8606

 9095 813 6361 6243 6803

 7456 2666 6532 9713 7935

 6627 2258 6316 9662 583

 2527 4354 7105 300 750

 5215 7092 8031 237 2689

 1590 6466 7974 9516 3078

 2310 1535 3886 1595 704

 3613 7483 7539 7107 5818

 7164 2632 1027 7481 670

 1607 1322 7432 8324 1619

 7538 7314 6453 146 8021

 7168 9348 9759 7932 97

 3595 8024 1625 446 9271

 2325 4042 2190 5667 8993

 973 5219 9272 1994 4027

 9445 7121 5341 1354 6298

 6951 78 176 6376 223

 8521 1474 8805 1815 8731

 8075 5393 3422 3654 5834

 3628 5966 9907 7819 4625

 2961 6772 9938 7781 9087

 8813 7826 8082 8965 3387

 4652 5142 7102 4824 4522

 7081 6103 5987 7281 8869

 3802 681 6315 251 4318

 5166 3862 8971 8443 2691

 957 7821 2484 9681 2703

 7563 8502 4732 2640 9709

 9790 331 66 4608 5134

 9183 1338 4275 3594 9881

 9344 449 674 4574 698

 4972 9594 8889 1337 3858

 9257 7732 940 2771 9447

 3630 8781 2782 1427 2718

 4657 2582 7501 4721 263

 9294 2362 7046 9305 5939

 1589 9549 8344 7068 7604

 180 314 9620 4700 8055

 1183 4995 8132 2118 866

 3064 5730 956 5831 7619

 3661 3587 2837 8787 1409

 9453 1061 7652 4683 9696

 9419 6263 3453 2287 9229

 7219 7302 1953 7287 282

 3589 3427 8377 635 8366

 9487 9783 9540 211 2637

 8419 3854 8043 621 3669

 762 3704 4723 8208 1524

 4393 451 7606 992 2727

 9965 5869 5178 4498 1276

 7894 1240 4686 3857 1871

 3367 9232 5537 906 9737

 7316 5529 343 701 7631

 7735 1458 3018 1882 5941

 4533 6254 6387 5447 434

 2294 1185 6275 646 5661

 9470 6076 7609 8680 6823

 1957 7423 6218 676 9508

 9972 9559 1579 3075 8166

 911 7934 4156 3914 2139

 9401 9043 1587 8667 292

 2017 5150 1471 1492 7298

 8888 8053 5068 430 846

 1404 2377 2798 831 3049

 5647 3554 5048 459 8274

 985 8617 122 8390 5259

 2251 8657 148 3829 4497

 7650 7268 2879 8891 577

 1901 2235 8629 7015 8202

 9979 1606 5026 9286 2433

 8929 5308 7315 6353 5763

 9356 607 396 5942 8837

 5631 1462 7738 5775 5272

 9700 6208 4365 1246 1388

 4937 9258 3611 9746 3344

 6258 4629 4941 8380 4316

 661 5877 2900 6601 5503

 9226 5701 6104 9182 8357

 9086 1248 6375 5702 8059

 4935 4087 6490 2597 5325

 1189 6761 1768 4783 8906

 7364 4336 6443 9199 8615

 4066 9900 1381 285 8375

 194 2216 2908 6269 4537

 1147 4672 5777 835 3690

 6083 5746 8650 5888 1677

 8619 420 2503 7754 7518

 9310 6583 9264 9260 8392

 8566 1506 600 6411 1788

 9329 6600 8071 740 6847

 1876 1880 8559 998 2710

 1273 429 1805 2371 6289

 9973 2124 87 9383 6984

 7977 3655 3566 1467 1123

 203 6481 2621 8549 6808

 7656 9688 6792 1769 7231

 5793 8090 1262 3401 4626

 3958 4666 5051 5752 433

 4718 9637 2545 4802 1965

 6154 8896 7209 3119 9045

 138 7858 4762 2746 7846

 4410 549 8834 4025 7294

 2163 8054 5925 3417 38

 3962 791 4681 2426 7283

 8877 562 2560 7899 5340

 4514 655 2203 3537 3758

 7193 8452 8738 6750 6649

 7379 3102 403 820 565

 2700 2971 3769 2059 6371

 3804 6001 623 1930 6811

 578 485 8465 3125 7906

 1230 8397 9763 3421 4612

 7662 3936 8257 6459 2653

 1603 4526 5738 2002 5339

 8840 4688 1786 9898 229

 9057 821 6201 2240 2741

 7123 2813 3222 4000 9250

 9827 7297 9674 7768 2133

 5105 6406 9817 354 6346

 7884 1948 4364 1430 3940

 3196 1218 2126 4971 4740

 2353 7836 5554 2052 2337

 8589 3616 5135 5015 1129

 9799 3301 6325 5072 3780

 8630 9792 8633 9005 4041

 3555 3737 7322 1446 5158

 3447 6980 7635 5560 6526

 8453 1456 3231 3722 3497

 5555 5521 656 4226 9311

 1780 2331 925 7259 6960

 8665 3615 4619 1936 7608

 2214 5473 2447 1741 488

 7879 8249 9010 1079 4285

 1783 9791 5732 9840 2984

 8244 7090 2069 8356 7953

 6122 9159 4232 638 6838

 5172 5301 4048 7764 7637

 2779 5572 7532 5213 6784

 7131 7402 6915 5434 1049

 3933 7254 6938 3253 5795

 8799 6038 3510 5358 3094

 5412 5074 8560 3249 8668

 2363 2026 6520 24 5378

 5435 2789 4558 5316 1615

 5462 5680 6899 7832 8725

 2631 2687 5545 2960 6495

 4960 8801 5581 9568 5225

 2313 9334 7410 4218 8800

 3267 9488 54 7616 9635

 7341 592 9586 3608 5881

 4632 7267 5203 6210 1490

 3582 2502 7807 2777 5446

 3735 1393 5337 2970 9016

 4220 5270 4622 8573 9176

 7073 5066 3379 8005 269

 3627 1792 8892 6769 5380

 410 4944 6434 5587 4826

 3262 2855 1021 9000 5617

 151 6295 712 7860 1494

 7512 3374 455 2494 5179

 9908 5145 9018 6791 1571

 4205 7724 9883 5056 4617

 2436 6286 6339 6274 4753

 8386 9631 6729 2819 2290

 658 8226 834 9745 2144

 2319 5523 5499 9770 1752

 4401 9429 624 2073 9361

 2186 13 5030 6438 5043

 3383 1703 8719 395 5886

 2730 2189 6395 4051 4992

 7775 4703 1715 3935 6060

 7071 9194 7189 8128 2774

 852 1254 2866 6978 9299

 8348 7763 3326 2420 9273

 7568 8523 6427 141 6174

 4270 9230 2147 5093 686

 914 9775 5365 9449 7625

 8887 7499 5913 4307 3331

 7463 5151 4576 5331 427

 7260 2754 7468 6636 5160

 784 9936 4734 9301 1078

 4701 6488 9976 663 2348

 4599 6392 4321 7163 4176

 4023 6220 8329 3743 897

 1575 9657 6022 6127 5355

 290 1651 6694 7119 472

 8947 5101 6764 5633 4306

 2475 4164 1596 232 4821

 3930 4808 244 8469 6211

 4398 6092 6832 2665 3683

 6067 4231 3732 5929 9581

 2934 8940 9091 4862 4392

 187 5778 3347 7353 5264

 1515 4045 3292 8519 4274

 1977 901 9228 2218 2981

 5353 489 2938 6249 3141

 9502 8412 8156 9722 4139

 5428 9129 7069 9702 5874

 8017 5328 5532 5833 816

 8723 6602 4839 8308 4338

 3010 3839 7683 6810 6043

 2121 5190 6282 5042 3496

 3579 7873 6421 6140 8726

 8688 8506 4694 8292 3212

 4476 6766 7488 3921 178

 3264 2523 1425 2025 9031

 8987 5018 2155 4895 4880

 7859 8481 6061 7741 5974

 7958 9627 5445 3166 8722

 3052 2959 2988 6184 905

 153 113 1333 2594 4013

 9180 5839 499 7136 1830

 9008 8883 803 986 7350

 8203 3096 6135 3621 5653

 6474 5047 7210 9282 9531

 4598 4797 8601 9867 475

 8460 7959 586 1355 9421

 7089 6293 4111 5071 6725

 9587 9104 2374 7713 4894

 3832 383 1989 256 3984

 1632 8440 3026 1367 4347

 5201 5940 3145 7485 1526

 7822 9130 8042 4196 5705

 1542 2784 2580 6719 7931

 6009 5567 5761 4712 344

 7818 2569 7263 697 2821

 6429 2320 8918 1748 8576

 9758 978 3643 7360 5286

 7454 9615 6130 2437 8317

 6987 3969 7661 55 3638

 6462 2395 7556 1294 1157

 6878 6223 3711 4304 711

 8172 3045 7659 6337 7253

 760 3813 9928 7660 4771

 8741 8925 3398 8454 121

 274 8648 4069 9284 9312

 9494 1390 7212 7053 2675

 6518 6726 6950 9498 1076

 3396 2326 9526 509 7201

 2975 1265 287 6498 7190

 5032 8520 9570 7555 4840

 3449 2804 5186 1623 6625

 5586 3399 4091 2490 2520

 886 540 9054 3561 2265

 399 6416 5994 8678 9422

 9336 7617 6977 7875 6852

 2585 9583 5848 50 3044

 6555 9400 7290 4654 5092

 2685 4369 2633 916 7746

 5138 7137 1545 4467 6317

 3796 6019 580 5865 3491

 6047 9328 6308 4980 4957

 8932 1731 5477 4124 6975

 2688 3619 5239 5895 6661

 4492 8142 974 1302 447

 1976 608 2233 3511 7381

 8159 1486 4086 2317 6632

 6006 9089 1776 9952 3620

 917 9096 6510 6529 2905

 1321 7070 721 7060 7167

 3144 5217 8402 4110 734

 9639 6919 6933 6691 3791

 7257 4063 7380 5841 6637

 3470 8782 5035 5235 6748

 9377 8334 6400 6561 9279

 3340 3738 4191 4055 5856

 6955 1431 8254 5980 5518

 4649 9167 71 8534 9047

 3841 822 9350 5754 5450

 9426 9725 5903 4580 532

 6198 1707 915 7358 7789

 1868 28 2111 6893 4061

 849 8930 5482 4748 2853

 5253 9566 1210 9188 8907

 7582 3429 6205 855 1044

 4415 6623 2094 9289 4983

 8666 1033 981 3529 3450

 5076 5385 3476 1481 9954

 8490 2324 4586 7855 1359

 1736 1128 4993 6102 8804

 3177 6586 7514 2174 5649

 5184 890 401 1592 5624

 5356 4198 5697 7389 2041

 4412 46 7761 2205 8716

 5891 9155 6746 6401 9274

 9203 6369 1060 8574 5283

 1793 1999 4408 7192 7520

 4380 5427 6071 6494 9773

 4994 4461 5541 6897 9779

 7601 4717 6180 9036 1277

 6093 5377 6313 4845 5983

 5205 5838 9205 8709 7442

 7337 2417 8927 8786 2686

 3716 5485 2469 8006 8290

 8652 2474 6449 8620 9103

 2930 8184 7516 2458 3679

 3156 3488 6858 7374 7007

 9365 8160 1460 929 3009

 6969 9224 5411 6128 4403

 2495 9164 4273 4948 7592

 7972 3172 6605 9177 5806

 5103 8734 9849 1406 6837

 5003 4544 7914 8035 9523

 9887 8483 7941 8554 8758

 1556 2032 5245 1380 683

 6669 3859 6079 8989 3227

 2869 480 6678 5173 1610

 2125 8999 6378 3462 556

 8812 8863 5073 9647 186

 1286 1342 1242 5386 4290

 3214 1402 7954 2902 7324

 5592 1421 1086 4452 8682

 4294 1784 4640 5118 1411

 6519 1714 9303 6085 5155

 1124 7559 2526 5666 9117

 5595 6152 2985 3942 1794

 1750 8691 3187 2525 6965

 448 8899 9676 1527 2909

 4581 307 6562 3707 5395

 597 4424 6360 8349 7309

 9062 2282 1559 3771 2939

 3200 989 9947 695 8809

 1177 2434 1065 4345 6509

 7020 4787 9569 533 842

 862 5088 7806 60 9418

 7947 653 9039 6735 1811

 9438 3912 4078 5861 6424

 1554 1298 6479 949 1988

 2634 6886 4407 6458 9219

 9082 8661 329 9354 4313

 1166 8910 5501 2305 6321

 7142 3354 3424 4057 6740

 8069 637 8214 6920 4177

 6097 5400 8405 4427 930

 2029 1635 3035 7978 5303

 4029 7728 6879 7328 1315

 2548 5774 4018 1069 2403

 9510 5549 5955 4785 9195

 5789 5687 8626 5669 3033

 6390 1213 7487 963 233

 6277 2979 8332 6787 3974

 1755 7668 3437 23 8954

 4742 6834 9905 3368 6468

 1670 4739 1105 6788 4134

 2606 2920 8616 8034 2889

 993 6666 5743 6380 6087

 9156 2559 4203 6541 7744

 2808 2564 9796 7028 8255

 8003 258 8857 2787 3606

 3382 4445 6410 4478 8129

 5794 1738 7948 5075 7062

 1558 736 5528 304 4704

 7883 4601 7985 1497 98

 716 4287 2647 5024 5162

 7059 3197 108 4999 6699

 3693 3055 5079 5996 6800

 881 3106 9823 4870 2854

 5040 1122 9670 1140 1424

 2969 3759 709 4884 5557

 8065 310 4221 7788 5536

 8195 7386 3201 7497 6413

 3856 2571 796 8478 5988

 8933 4505 9338 9943 6806

 9330 1373 7460 6988 7129

 1344 561 982 8529 160

 7618 2847 7622 7333 6706

 490 3932 4330 3672 2836

 2098 2259 6747 9806 8992

 8818 617 8642 5847 5802

 7462 7551 7019 9754 5814

 854 5183 3243 1829 8373

 3400 2763 4819 6953 2648

 602 4346 5772 4906 2778

 8966 1775 5022 7216 9854

 6805 9213 48 302 9433

 2267 4201 8512 8177 2824

 931 5798 5425 4154 7548

 6265 6470 856 7718 9119

 3487 5465 116 4814 6329

 2877 6550 1212 5615 2850

 649 9216 757 696 7743

 4361 9371 9485 2627 3581

 6158 3550 6271 7500 2511

 3171 2369 4833 8199 8471

 6280 9845 5534 764 6862

 735 3623 535 1939 5291

 6824 6908 7545 4117 9831

 9125 3306 1058 4878 775

 4616 9319 4302 4502 8310

 9995 2518 4933 6027 7723

 7033 8728 5436 2599 2734

 505 3328 5712 1036 133

 2342 5850 2699 1434 3356

 7084 6665 1528 1884 9813

 2297 9527 3420 1465 731

 878 3116 3233 9092 4438

 8621 1993 5575 8531 4575

 5397 3673 7726 128 5543

 2917 7688 3965 9034 3878

 8061 6819 2668 6156 5620

 1198 934 4564 9641 8185

 8655 393 412 5597 8234

 4822 2932 9380 1047 1020

 7064 5294 4669 9693 8078

 4279 8955 2543 9051 3640

 1341 9128 4969 3991 8420

 6229 9012 4940 7110 4699

 5204 2806 44 9035 1169

 6652 2428 4083 4131 8211

 7698 7034 3441 9486 9406

 3541 5747 4952 9730 7299

 3542 2372 2338 3457 1317

 1308 9411 8990 1201 4104

 7211 6867 1877 1143 1099

 3038 8873 5801 2087 6118

 7909 5387 2933 7507 9360

 4758 7217 710 4680 4916

 5622 3203 2278 63 6778

 8325 1362 3160 33 2554

 2252 8696 6364 7642 2262

 2093 2154 4485 9314 6133

 837 2540 8677 3751 2903

 8446 3509 7222 4998 3192

 1716 5408 5515 3978 1696

 8653 6467 3048 8229 7264

 630 3465 8988 7017 2603

 8251 3703 4741 7748 9158

 7536 6256 1881 424 152

 9190 8085 5930 7962 9509

 6081 9473 4132 3274 5771

 885 5851 6046 3913 2588

 7839 6660 1107 8267 4956

 9723 6903 5470 9407 2891

 4264 8025 8509 6478 2958

 4394 8848 1612 6111 2641

 4103 7950 9797 3305 3309

 3345 8861 4667 3311 5578

 5583 962 2786 9446 7508

 4004 2217 4642 6592 8624

 5171 7999 9077 1964 4551

 7605 1451 707 2972 4530

 6698 5676 4583 5262 5997

 8110 2802 8916 2768 9080

 7238 6338 2179 5410 3646

 4460 5846 6423 9993 5800

 6391 1967 8904 216 3917

 7510 9618 9094 5715 4531

 8713 1316 8125 6589 6715

 2427 6203 7612 9048 770

 8459 471 996 2123 1394

 4618 1725 1443 771 1084

 6723 2534 5009 3072 2747

 2108 390 4314 2612 3223

 3998 5525 8514 1018 8182

 507 5708 678 4062 6821

 1442 6714 8150 7776 1325

 2757 2219 3037 4188 2983

 7740 4788 706 2336 6907

 3435 4428 8074 6767 6738

 1847 2119 206 8191 3129

 2838 2065 7663 9593 1324

 2654 7301 8515 5658 4958

 5628 8102 15 5307 1378

 8462 4192 1371 5945 8878

 8545 7155 7929 8413 6528

 7692 8171 2590 9804 6650

 948 9420 3727 5892 620

 296 7065 783 5114 4572

 3346 2679 8120 9059 5963

 3170 1582 6657 4875 504

 3951 7334 2817 603 9403

 7577 4189 5844 5457 3252

 4249 7158 5672 5102 8516

 1015 3524 8422 7876 9168

 454 407 2301 9837 3742

 361 8745 609 6557 8645

 1109 1785 6448 3906 2383

 6962 2486 7581 7534 8635

 4818 9660 7478 788 2992

 1048 4967 1808 9317 3574

 1449 2114 3976 3734 4342

 3016 4090 350 5813 1960

 8379 49 5081 5914 6342

 1432 3118 5659 3268 3363

 672 6986 3143 5364 9337

 1459 7533 1561 3254 5174

 9476 4715 8846 7519 7215

 1479 2760 6177 1825 1713

 476 2651 1760 4898 3404

 7037 969 1866 8733 6096

 9262 5175 3213 3697 8832

 2990 6549 3136 4538 9944

 5714 375 3790 5723 8532

 6697 1496 9452 6039 3307

 5731 1906 1330 7842 1453

 106 8039 8468 1959 865

 7329 9548 4255 593 1604

 7100 3562 9774 7957 9107

 6654 5141 3847 9281 1477

 6653 8699 9238 5821 154

 1664 2232 7596 5332 3937

 5598 3087 2081 8721 9166

 5475 9998 4876 6681 3882

 9911 8985 5993 7024 8717

 6517 9071 5551 5250 3772

 4975 413 9208 7890 2659

 9220 4914 326 4615 4738

 7122 3604 8638 7695 364

 1656 9001 3637 8433 8194

 2956 69 857 7786 2157

 2170 4685 951 5758 3993

 172 5034 8139 4550 4774

 5826 8223 8618 9304 6199

 514 5876 5901 7191 4278

 341 8298 5664 3952 3416

 4950 8236 3482 6173 8797

 5293 6690 2101 2066 1488

 8814 5391 8279 7352 384

 4180 3950 1154 2044 2284

 2061 2553 7877 2039 8749

 85 2375 9699 5417 5689

 2007 2575 7115 9352 1531

 6578 7395 2629 936 4155

 5887 5584 1908 9110 5248

 2288 868 3394 3432 8663

 8810 9431 977 1517 4790

 742 1600 955 3810 8851

 7830 1357 8698 7857 2340

 1223 8304 8461 5984 2264

 9923 7567 8689 9111 5915

 8428 3848 5070 8046 7240

 5643 8387 8410 6963 1429

 2443 5403 8302 8703 6333

 8130 4606 1938 4291 4489

 4260 1094 1096 7144 493

 9707 8400 5379 4860 7598

 7762 6633 8956 8056 2159

 3324 323 6475 2744 8839

 3499 9669 2022 4468 4442

 8136 7418 1466 149 2158

 1236 4378 3242 7391 6341

 5027 1267 3745 6267 516

 6756 3008 4850 971 6959

 9479 4271 4119 8593 9063

 558 2872 3403 8248 7624

 8426 799 6217 6905 8115

 6437 5989 944 3874 3795

 7355 6442 708 8753 2132

 1219 618 780 6288 1581

 220 2453 4495 7570 9969

 6641 6883 376 3149 7050

 975 6793 3869 3819 2222

 4755 150 7194 1422 3996

 3150 8513 5241 7166 2361

 7862 749 6934 5516 1514

 236 8407 8533 1712 1659

 1485 1483 9689 7790 313

 946 2823 2261 8087 2322

 6997 9191 2468 5231 2386

 2149 2690 5882 733 6768

 2630 9362 7165 1303 2874

 199 8441 270 9742 5967

 1917 9675 7474 9382 7595

 8012 758 1700 4624 7400

 7335 4265 6942 8769 7658

 327 7458 1142 611 801

 5423 3221 2210 2056 6880

 8508 4984 1791 4825 9658

 761 2986 3406 9022 7390

 9309 7083 8544 5188 8656

 9428 7393 3808 4799 1688

 7966 3079 9682 3418 6964

 9664 5064 2660 527 6412

 2923 8409 4722 6891 2412

 8345 5350 1167 9712 2425

 7182 1922 4546 3272 1685

 9984 7750 1197 388 8338

 2871 2657 9933 8010 4296

 690 7907 4289 3329 4590

 524 4486 6717 3089 8672

 3013 3539 9687 4168 7365

 1986 5448 902 6618 4238

 7245 6996 6045 7752 8740

 4885 4419 4854 4474 9771

 6197 4283 7828 3788 7758

 5199 8853 3864 1544 3217

 9040 6513 8015 1799 377

 4431 6537 117 9397 8070

 3080 7496 7235 7048 9789

 3770 5948 2904 1397 8774

 1613 4532 6645 3235 7445

 546 4986 7759 259 9890

 9739 8486 1946 2272 129

 2318 4206 5349 4801 2176

 9233 4765 3053 1966 2901

 3527 1602 5010 5426 8414

 9055 3904 7701 8 4417

 225 6573 4450 860 8561

 7629 574 8164 8342 4425

 3372 8246 2551 4780 3066

 629 6554 6486 8707 6863

 3232 3082 4052 4691 9913

 2945 6114 1102 2683 1521

 5999 4932 4778 9223 3754

 2862 6758 4351 9626 6372

 3069 9415 2563 6456 372

 5444 9118 7202 1904 1753

 9009 1066 7146 7560 6115

 2053 2184 2814 5972 809

 4282 4927 3689 2335 2168

 5334 7430 1666 9752 3155

 7239 7270 439 2084 173

 4673 7224 7014 1680 4613

 5207 6798 4219 4035 231

 8681 7547 2397 2635 1958

 6728 6689 5014 7602 1232

 5783 4247 7515 6030 4641

 8442 8570 8807 8571 2516

 8122 8072 4831 2947 9811

 5908 2993 4928 8597 8155

 1597 9634 8233 8162 633

 601 4175 5896 1693 2028

 9916 8383 6335 9733 4842

 2062 650 6918 4375 5953

 8163 8991 6356 5604 2128

 7040 4082 8114 3088 9432

 4447 8864 2715 3568 717

 5278 219 8979 2895 8679

 1931 9777 6877 6121 2825

 6489 7351 5762 9795 8604

 4021 3816 2003 4457 2795

 6119 8605 5322 4268 7986

 2130 5044 1041 4315 1890

 6250 305 4386 1669 3176

 76 3583 4614 2890 7279

 1797 7331 6044 1334 5893

 9941 5224 4169 2980 5261

 1450 3163 4381 2839 8623

 473 5563 4266 1505 5318

 4480 9363 7494 5768 4714

 1529 2977 9903 528 4106

 9101 7049 1676 744 3631

 8754 1730 9782 3023 7988

 2112 595 9172 6896 7853

 8942 7471 4355 3474 9864

 2546 6720 3576 933 3308

 7908 2448 2411 7326 7783

 7295 62 1416 7303 4353

 5469 6941 2514 5494 1801

 4909 2542 5326 3414 950

 1941 9560 3652 8436 8622

 182 7968 293 5606 2162

 4996 631 6673 2146 9990

 6961 4549 2092 1307 1000

 6447 8437 8438 6533 2915

 3979 1059 5979 9151 644

 6041 2089 888 2396 810

 756 8487 2037 1046 7844

 7332 8835 6543 4487 8543

 1332 5454 1777 7820 2351

 4866 9621 7184 2578 8838

 6630 386 8401 4222 5352

 4434 9251 2620 7711 3805

 6521 3572 6238 9201 6765

 6146 7207 1639 3478 7244

 789 1042 496 8914 668

 7666 7814 7815 6493 4077

 6239 6176 737 9491 6109

 1279 2865 2510 4202 9830

 8241 9949 9843 8340 1461

 7561 8105 3504 9760 3468

 2955 4589 4518 3444 61

 9977 8093 7955 6512 6588

 8844 463 2846 2670 4757

 1095 4863 9562 9750 5001

 2435 5112 167 9684 1151

 8393 4368 5063 6318 5274

 912 4079 4453 9715 353

 1081 8135 2858 4521 230

 7407 899 6228 7812 3546

 4496 7043 8470 2583 9679

 4209 8081 9816 4745 1772

 5719 9335 1087 9544 3601

 6885 7128 559 9920 3694

 7284 5546 330 6634 1927

 6727 1836 2816 1239 8517

 2680 5579 8133 2769 8898

 2907 3218 3508 6018 8108

 1624 8600 2392 5635 7236

 6651 6454 9617 8009 7580

 6794 6614 6175 7808 4010

 7398 9276 8270 7796 4022

 6773 9490 8569 8258 322

 5452 6544 3512 9537 6590

 88 9387 5279 2459 7937

 3980 1160 2721 6095 6461

 887 4510 4658 1955 86

 4344 5028 3941 2820 3456

 3327 359 4684 8225 4646

 6753 2058 382 8228 584

 811 1349 4877 3647 5373

 5136 6786 1360 2605 2556

 7825 6167 9015 5577 1852

 478 7540 7916 7981 9042

 9655 3085 2682 7343 4464

 1629 1855 1386 3666 5298

 6151 5808 893 9137 9496

 4002 2568 9992 4834 1608

 2346 659 1522 3988 9955

 5115 3205 9798 2953 4261

 1268 8791 5133 7074 2914

 3675 5449 4920 9412 479

 9690 4579 3261 4656 785

 4014 7952 4874 3373 8500

 1412 4159 6450 2919 9727

 5946 2739 1064 714 2164

 4216 7664 7709 9037 8535

 3701 7996 863 1671 3709

 5100 5029 2742 1080 615

 34 1126 4508 3334 7169

 6840 8026 6571 9948 669

 1055 8391 3744 5419 5336

 8776 2628 1270 8938 9093

 8827 7010 5931 4446 1745

 9802 4376 6287 7320 3391

 1320 8151 1051 9788 286

 5409 8913 5970 7888 5480

 8585 9392 5370 4240 9170

 6241 4331 564 2234 9692

 6734 2376 423 8382 3365

 2151 7307 2236 7277 8563

 9517 4705 7949 3209 1911

 1552 4146 8134 3063 74

 4263 7993 6409 2398 481

 773 3364 4207 1331 5422

 7077 5375 1120 6405 4044

 1053 6801 9032 4661 7415

 1204 2021 4390 4363 1809

 8874 4702 7910 3713 5338

 8948 5383 3469 6760 208

 7960 5209 7849 9315 6781

 8077 8711 2345 4668 9926

 2268 9209 952 9440 9528

 9671 458 2965 1827 4455

 1395 4252 9178 8143 8049

 3567 8429 5596 2429 1533

 3002 5853 1962 9192 1886

 4215 2107 315 2674 7388

 625 7779 4716 5594 850

 3335 8300 4276 3674 7476

 841 3905 9950 5943 89

 3428 7286 4886 6568 452

 134 6932 3393 2077 5230

 573 2422 3730 884 8351

 283 1501 4767 7588 5720

 4128 6292 2307 3928 8467

 8434 5085 3289 2226 648

 3617 5082 2001 1997 4356

 2446 9563 3902 6731 6160

 1499 1726 7076 2944 5126

 5374 8250 3392 6677 120

 555 2615 5616 3891 1469

 8161 2892 1149 8237 5226

 1790 4638 1208 4089 4943

 6420 8232 7126 2589 8684

 4067 818 8057 1114 7632

 4024 5345 9575 8067 7593

 542 3195 9677 1661 2764

 3981 983 7428 5916 297

 8750 1826 4630 4395 2327

 8902 3838 2000 7503 8313

 2811 4084 5531 8427 226

 39 705 5820 5623 8578

 1171 3899 7336 8715 7691

 4868 9133 6870 3885 839

 5951 2912 2646 389 4784

 4747 1423 7416 7022 2664

 25 5905 6303 2781 9391

 2013 9061 2887 9175 84

 7719 3931 5396 5405 7204

 9850 6403 7171 9550 4962

 8277 5333 1121 6328 1972

 2949 1274 9004 8158 1798

 9457 5868 5912 5766 5907

 6432 3822 278 8058 5438

 9716 6744 7705 1417 312

 5388 8475 6124 9499 4584

 1184 2937 1229 2292 9471

 7513 2071 7008 250 4181

 2381 3070 4832 6343 6924

 8995 6536 8052 1907 2677

 7572 7586 3107 3570 3244

 294 6365 5468 82 3649

 3278 3723 2472 7997 411

 6311 7285 3455 2409 9748

 7571 6935 418 6581 8695

 4698 5107 3954 4509 8303

 1285 4288 2940 1269 414

 7971 8063 3384 6923 1638

 7394 5792 8646 2291 3875

 6970 6068 8986 6850 317

 9197 5004 7615 8121 2237

 7490 3083 5652 7061 5722

 6854 6499 11 4448 9891

 7739 9589 9200 692 6125

 9983 536 5277 2722 2803

 4031 3506 5781 6594 4852

 6440 4009 5292 3946 3502

 8952 1598 3591 6777 1893

 4934 8295 415 6530 6825

 183 2296 3840 4585 9349

 2465 1351 7946 8641 3777

 8945 2137 895 979 9672

 9083 6090 9384 1686 5580

 3686 4888 4229 2442 6098

 9778 1290 8674 2840 5749

 3525 7275 7346 6721 7544

 5023 4153 3188 3021 2968

 838 6123 8124 1723 7939

 3178 7865 8950 7647 8474

 2050 3659 9877 9076 9121

 728 3815 3639 5815 9425

 1770 8504 1887 7824 3237

 3773 8627 2535 3167 9120

 5165 4367 3876 5871 4391

 7823 1288 7543 3442 4720

 4620 5154 477 9313 363

 3255 277 6062 5756 4543

 8590 7720 9389 6373 2421

 200 594 7636 2708 6017

 5210 9245 1832 1017 939

 9853 3793 6522 8828 9227

 4711 5060 2015 2263 8823

 2994 7085 3248 1807 5348

 1952 4773 872 2714 4327

 8099 6 3430 9866 6023

 1757 9454 4387 5740 1918

 7767 2273 4494 4706 3240

 4008 5700 7392 8086 3520

 9518 1410 9869 3122 5750

 7375 9399 4135 9946 3454

 7944 8118 4560 6598 5347

 1108 7700 8307 241 3901

 5247 295 718 8685 3837

 5704 498 768 567 9553

 6828 4582 9999 5185 3202

 6830 8575 1291 7900 3378

 2595 8104 9215 8394 5632

 7525 3521 3190 937 7805

 6927 7527 7747 9416 8176

 8941 1968 5906 264 2884

 538 4348 5639 6771 8819

 9623 2752 5319 6754 3518

 248 4488 9855 2148 6414

 114 309 8369 7927 1235

 5506 142 8350 6235 1510

 4157 5923 657 7645 3157

 6310 8066 1751 4272 8398

 2256 4690 3097 2074 954

 590 2316 7484 6446 1658

 5147 8299 6066 6884 1573

 406 2405 9206 6525 136

 4754 409 6029 1082 4223

 428 3719 9139 5644 1702

 2299 7233 6912 7096 922

 5699 1834 4660 9520 8033

 5879 2182 366 9717 3407

 1921 1687 8022 869 4421

 935 1296 3547 5854 2364

 5366 1507 6385 6733 3025

 7834 4371 3990 8909 7573

 6340 3443 1473 1152 7861

 8371 506 6144 8222 1778

 3660 4183 8548 1704 5055

 8936 2626 1470 2096 7170

 7278 469 9755 5382 7086

 2834 2135 7269 465 4032

 4609 1156 2591 4936 2293

 214 9731 2918 5451 7854

 1860 9300 8173 2581 2910

 6968 1100 4535 6684 495

 778 5570 958 5540 362

 7031 1221 3112 9848 9780

 873 4204 157 6909 2544

 2424 3238 1260 6053 6949

 6752 1705 2952 6091 9624

 4262 4056 42 1498 4769

 5442 8917 124 1476 171

 9067 5007 1377 4034 2681

 3590 9500 5673 8000 6874

 7385 321 3967 2018 188

 4197 2698 3034 7995 3250

 9862 7673 3778 8901 5727

 4643 1400 8920 9323 3828

 7928 2295 2014 2067 8360

 7913 2460 1106 5049 5900

 6822 997 5251 9630 4719

 3681 1824 6094 3377 6859

 387 990 1630 8044 1854

 9980 3322 5453 3210 3786

 5917 1179 3425 9017 3800

 7078 2242 8314 1905 2470

 3910 9966 4138 1611 357

 9757 2592 8592 6889 9736

 1761 1564 6064 812 1813

 355 759 8603 8326 1233

 3873 3031 9720 9714 8628

 8337 1396 6535 9578 4076

 3086 2851 4570 6077 920

 4837 1343 8320 3110 7027

 2672 4284 9241 5538 4456

 8540 2370 1172 8847 8564

 2388 4511 8179 9603 6260

 5734 7311 9150 1645 9225

 8154 8316 3687 8748 6430

 1405 6671 2893 8109 1029

 8101 8959 9610 1257 198

 5052 2036 5663 9917 5237

 9902 7317 8374 1039 8900

 4267 9740 9193 1576 2478

 8746 3830 3481 1161 5140

 6914 3415 7440 1555 7272

 4813 7271 7482 5827 5574

 5920 4963 4751 755 7152

 9667 4917 6580 1727 9585

 6685 2156 3020 6564 1259

 5065 8051 4256 2645 4990

 6003 1174 4964 6940 4245

 4151 1818 1557 8943 2519

 8815 3573 8552 5696 3612

 9332 9504 224 9302 1605

 402 2899 3057 4776 9189

 6757 5618 9351 2570 1833

 1293 6983 6703 575 2247

 9957 5244 6712 9340 5513

 1583 7863 2024 7114 6404

 5553 8690 334 4360 9126

 6279 5157 1980 5511 5275

 8144 5975 9144 4519 826

 5309 7919 8586 9255 3158

 5463 6831 9541 2943 1075

 8789 6348 265 9825 184

 3056 6290 3493 7833 3726

 3699 548 1740 4503 1353

 3766 2352 7522 9961 2391

 6631 3523 5645 8259 4977

 5547 3388 7646 9097 4047

 9749 127 9937 8297 2812

 7936 685 1007 3915 1690

 1472 1150 9809 6971 3071

 8089 6701 7266 5077 9734

 3277 7156 6408 6855 6815

 9708 2160 4806 5335 647

 8631 3865 3817 5381 5346

 7770 5971 6285 6872 9444

 2617 4890 5894 752 2989

 8450 6585 3559 7116 808

 3390 6439 7895 4233 3551

 1820 5909 5474 7813 8803

 6110 2175 5268 8562 8908

 8100 4823 9793 8894 8315

 1063 3774 4725 7554 7992

 7305 3959 552 8092 4075

 1348 8178 8152 6227 5212

 2704 1250 5588 666 4816

 7197 5867 7280 9613 4194

 6597 2358 4372 5276 2488

 1974 5542 2228 4513 1019

 2304 6347 9308 3440 6563

 6929 2697 9870 2780 4631

 8790 5265 5779 4987 6595

 9841 3782 4003 9835 2922

 5478 2476 3535 2394 7634

 4145 1649 3571 7094 7039

 4040 4454 8643 909 5785

 4836 2624 8555 425 4954

 4383 680 1135 3740 4843

 7185 2334 874 2079 6710

 7218 5223 5392 1385 1141

 557 1754 4743 6484 8365

 6237 4849 7847 8858 870

 9244 37 5256 158 6190

 8011 6192 8165 5717 3896

 9844 9024 26 1118 6357

 4830 1969 2306 7470 1176

 3498 2642 751 3789 4366

 9764 1701 7120 2223 8654

 5282 4400 8701 1674 6688

 5234 5280 52 373 8190

 4388 5599 9468 6309 2456

 6848 7104 1538 8770 3028

 570 1243 6183 2997 7461

 4675 3225 1181 5498 7690

 2344 5926 4882 5384 832

 3835 3029 7930 4692 8117

 7117 6547 5429 4644 6621

 9265 3964 2643 7509 3982

 7223 8687 2921 4281 2973

 10 4420 9567 1173 9020

 7012 9143 7558 1950 6989

 3749 2275 3357 1803 4665

 2198 3720 7689 3361 6336

 8539 510 9810 9053 6842

 6844 4800 6700 2756 5164

 7154 2450 8284 2745 3290

 4573 4073 8263 3787 5692

 1438 3323 8404 4149 8278

 6994 9865 9901 5362 7006

 6966 3892 457 27 503

 2197 5933 2911 7976 8714

 7523 1844 7427 6465 966

 3004 6134 1436 8448 1806

 8083 3526 9576 9695 8602

 195 4749 7421 2302 6366

 77 5961 3228 5236 7492

 6388 1642 5287 9135 6508

 6200 7696 2005 1883 5413

 903 6608 2498 325 3633

 7433 7435 815 7897 3279

 9751 7765 7904 9741 8198

 9805 6178 5698 891 2941

 2457 7138 2045 9856 4096

 4763 7225 5246 9410 4869

 4311 7600 6377 6082 9962

 5091 2724 7980 8048 6730

 7922 1660 9846 6051 3513

 1222 2942 8041 6384 4481

 9138 5483 6785 7108 4678

 191 8692 5641 6236 4184

 4733 8141 6846 8798 2171

 9847 3151 4731 3479 404

 9971 4965 115 6644 6283

 6171 3662 551 201 2577

 9134 2254 2913 7405 4208

 1098 3412 616 5957 1896

 1130 7733 1831 4897 1418

 2982 7325 2906 5836 7686

 5019 3148 8319 1419 1415

 8761 6894 9686 3911 5710

 7905 7550 9234 2832 332

 7457 8256 9198 4491 7583

 6622 684 9253 5662 5486

 6163 9027 3763 8215 8669

 2020 5514 7234 261 2676

 530 6577 6155 3137 2042

 2131 1489 2607 2501 677

 521 2249 1956 461 5168

 2951 7620 5390 4892 7489

 2180 9885 4463 1520 1849

 9326 5524 1231 7339 5517

 6471 1992 6326 3294 6576

 8612 8388 7614 9414 1292

 1591 1241 713 6169 1692

 7983 6930 8213 3860 4416

 5086 5995 417 7045 7459

 928 4945 7921 4789 3024

 5296 4242 8503 6871 4536

 3019 529 926 1913 9114

 2600 2755 7243 5665 3534

 554 6232 9532 5466 9364

 1445 1310 6142 7383 2368

 8822 987 8131 7397 7248

 7055 9292 7760 967 4540

 5678 8260 1872 9651 7323

 7143 3273 7363 5791 6137

 8327 1550 4942 1568 5694

 2060 5681 132 2378 6074

 7162 9474 534 3977 3062

 8885 689 370 2172 2116

 9602 2541 1838 3717 1487

 4058 3147 4871 5054 1190

 8354 2489 5843 210 7088

 2286 9154 8882 6482 9142

 8795 5969 3783 5058 6143

 9278 3855 5612 9424 4026

 2095 7378 5755 9551 4744

 5497 7072 8339 4713 3191

 5211 8493 4887 3503 746

 79 3515 9070 3775 2064

 2011 17 9402 3648 8038

 2517 8924 3266 2623 5709

 8411 4569 8632 4848 9171

 5249 612 932 2150 8969

 3733 9386 9579 3890 2269

 5964 5935 960 378 9665

 2701 4064 9007 3895 7422

 9372 3724 8697 189 1215

 8425 7502 8671 719 8008

 8518 8867 4358 5558 8919

 2848 4781 9912 5177 2462

 8168 3124 4506 1923 1010

 3779 6981 1037 8399 6351

 104 6472 9914 9552 5852

 7537 3578 245 464 8073

 6695 2404 8511 9893 5651

 6804 7657 6396 6057 6393

 9267 9052 6607 1892 6922

 3128 1979 6558 3208 422

 2705 3599 3739 2430 3275

 8037 5314 4804 4633 3764

 7293 7452 3757 5773 2115

 8096 6332 5797 3607 8280

 2991 1035 2075 5113 2303

 1862 3972 2169 1548 5621

 1655 6240 9141 8148 6112

 4786 9652 1577 1475 3945

 3423 9038 8829 3548 8596

 7054 9465 1284 2257 8381

 6383 7970 6638 4568 207

 4602 4100 6086 8537 7475

 4517 7603 1016 636 7376

 9968 5471 9472 4910 9860

 673 243 3369 168 9729

 2924 2466 8852 7004 5526

 5934 2410 8296 9892 9614

 3036 7804 1874 4921 3651

 3131 3560 3318 2758 1144

 4101 6444 3657 9441 3350

 3741 185 5432 7787 5884

 8982 7710 7344 2767 6523

 3970 5036 7203 5116 6774

 4593 5122 5607 1973 7681

 1947 3184 96 9762 3005

 6033 769 6262 1617 5206

 9318 5585 5799 2772 4379

 3281 7186 7777 3060 3091

 907 8445 3451 9136 7101

 848 7521 5950 2493 8430

 1361 397 7578 9616 2082

 8946 3926 898 7780 5343

 7729 5187 3121 6161 2413

 3863 9127 4991 2400 4413

 4507 9974 4899 5812 4548

 8764 7682 3041 6084 9291

 9519 9489 3557 9248 6422

 4556 268 1089 486 5496

 1667 5973 8727 328 8675

 9934 5817 6014 7009 4607

 2016 9295 6524 8205 4137

 4088 107 9374 3625 81

 32 2399 4443 4872 9935

 7940 6572 7716 4030 7005

 1937 2507 1464 3564 9249

 9744 4970 3563 8322 8974

 9807 6324 9435 2343 9044

 8076 1720 6149 9100 3065

 7149 2650 5084 4915 7467

 5229 4170 9505 3207 5744

 5959 358 4552 9408 4451

 7541 5685 828 1875 9895

 8285 1014 2707 5008 2238

 4150 5430 3767 4766 1724

 6182 9434 6944 5421 9115

 101 7621 7926 1856 6807

 4792 7613 2515 9873 9325

 9880 4566 9824 6273 143

 5636 5228 1133 2408 4060

 4710 6646 6012 4520 5571

 782 7736 453 3586 4696

 9767 7058 4851 7685 2023

 6052 5911 953 6108 8004

 7878 9666 4173 21 7265

 6314 3642 5611 9514 1925

 8494 8126 9065 2143 301

 6534 5919 7942 7517 9157

 3997 4578 1480 3536 5214

 5552 1743 4988 1491 7396

 9959 3215 2356 8439 4559

 9375 156 7626 1737 667

 2181 5655 844 571 5530

 2034 5078 8921 3446 8830

 5227 2886 9924 715 2274

 4140 797 4298 8330 569

 2167 9390 2106 645 8261

 4437 7774 880 4858 1951

 6050 3797 47 3284 242

 8739 1050 4317 7798 1998

 6352 518 4444 2843 2138

 3955 7881 7147 9341 2864

 3702 16 7687 5416 6483

 3259 6687 8973 8247 4639

 8785 6070 2227 9448 6185

 5590 36 4676 4985 1618

 9185 8998 1282 7347 7982

 5500 1699 2935 1328 6105

 6381 9826 3784 5626 9413

 303 6281 2194 5404 1899

 3366 4259 9353 7095 2894

 1766 2807 4120 6418 9829

 6857 568 6999 9604 2867

 1068 9011 3870 4796 3593

 8928 1180 3206 3736 5059

 7589 9268 9904 5491 9985

 5099 1620 6882 8890 9546

 9612 6000 7880 8111 5512

 9495 4664 20 2601 4402

 6473 6131 6374 5481 4655

 8926 4162 651 6469 7032

 1647 7727 2134 7678 7141

 7348 2241 6345 9705 3600

 4697 3833 1774 6892 2019

 5119 2776 3558 6895 1134

 7994 474 9511 2678 9978

 8970 1586 8331 8204 7530

 1454 2211 1842 5654 7714

 8718 8283 3285 4838 7052

 9345 3000 7961 9480 4171

 5885 9896 222 8783 9025

 9515 9221 4844 9598 5561

 4477 2043 169 1224 1407

 6058 2141 193 4923 4516

 2070 4305 2998 7845 2030

 3807 3868 9629 2856 371

 7702 2451 4012 5986 7575

 4709 3602 8079 1668 8444

 7766 9606 1275 3321 1326

 6073 5046 6153 7486 4728

 585 1869 1764 4357 4440

 8598 8856 1781 3448 356

 1627 8984 436 5193 7196

 29 3881 3588 904 3893

 8664 961 6515 444 9243

 5760 1178 4325 9098 8551

 5889 1682 9909 2652 5562

 2587 1739 4193 7802 6711

 4133 4924 6231 7987 4167

 5012 6323 7036 3987 70

 5067 1439 2207 4973 840

 3500 4280 7369 3193 9861

 5864 1226 1819 8406 6251

 9765 9181 1347 7409 4501

 4587 3074 6172 3181 8343

 1070 4328 4333 8833 6040

 627 2136 3923 6958 3132

 1110 4919 919 8240 9105

 4807 6672 9153 8501 1280

 613 6219 8724 6398 553

 9857 3715 5357 7967 7057

 380 3475 9124 35 9636

 6540 4122 3614 1841 3032

 6845 2604 1851 2270 5610

 5258 9019 9942 155 3900

 3295 3381 2027 6749 7715

 5769 4594 1403 9836 4523

 579 5573 8183 3698 8583

 7226 218 5021 3761 9002

 2332 1295 8431 675 7371

 3927 7080 8760 8276 5568

 1138 7557 7472 7282 4951

 7291 3337 5329 9145 9787

 2165 2753 9608 588 2726

 4239 2354 1249 1698 7479

 8765 8768 7730 2347 6221

 6972 2673 2452 1981 4817

 1539 8565 9084 5285 1541

 6141 5938 3507 5576 1814

 3011 1 9584 4102 2177

 8040 1500 5982 8806 7414

 6100 8538 3438 3575 365

 3883 9240 7176 8581 2407

 7991 9964 6841 284 8884

 4092 8736 3794 9210 6538

 6751 1684 587 7118 8097

 4225 8007 6724 68 2280

 5998 9812 892 2315 7319

 5161 9252 5757 8855 3986

 1532 4295 1194 3054 7751

 694 8252 5829 9650 6305

 2080 1004 4352 8403 4730

 1452 1005 7419 968 8796

 5290 4228 6809 5857 7712

 9239 8647 6898 379 9482

 3199 3650 3126 4161 8188

 9357 8710 7924 6078 1234

 9530 7232 8245 1697 8762

 5765 6617 2418 9463 4458

 8210 5255 2625 9296 2266

 6202 2522 7703 4172 2711

 9217 8209 9644 3818 3283

 7843 3135 7887 2537 2783

 6708 5527 1932 1103 5368

 5875 5786 7362 5684 3824

 7274 7446 4007 9186 253

 4430 4663 2712 8743 5038

 2209 652 7552 1971 8817

 6042 4812 2208 599 6704

 4308 6813 8020 6327 9533

 8862 1281 4627 3351 4893

 6195 2936 9738 9772 7321

 7246 5805 4141 5418 6626

 2963 3376 805 2976 6546

 4695 3486 6253 4 8792

 6379 3042 1771 5484 7837

 6937 918 6320 6005 5677

 1220 889 994 7011 3282

 1800 795 6947 3653 3490

 9683 4777 4883 2117 2694

 466 5504 544 6441 7361

 3445 7889 4186 3489 6008

 5509 8528 8287 6147 8301

 3153 3067 8029 1034 2339

 3714 5317 2829 8309 7956

 2467 3685 5198 8473 221

 4974 1339 8975 9701 7145

 566 8479 3058 2492 8028

 8676 7373 1648 9818 8983

 8306 6080 3894 1565 5083

 9163 6106 7633 9794 8794

 2314 8201 1919 8996 1560

 8640 289 8507 4809 8871

 2271 2047 7870 9297 6312

 3528 9819 6741 6514 8960

 8778 8949 4527 4908 6599

 3484 867 3667 7183 9573

 4123 1301 547 3851 8335

 1272 8658 9459 416 1508

 9442 1188 2220 1657 6138

 9497 2609 4065 9355 5872

 4677 2248 65 8389 9588

 1765 3831 3219 7784 6497

 5031 9834 610 7829 1622

 8880 632 1710 7753 3061

 9776 4312 2173 3140 7495

 5949 6995 3968 1996 1926

 9503 7087 6864 3919 1327

 5679 6663 2415 1182 4471

 1300 6565 5716 9231 4628

 6296 9663 8773 83 8757

 7610 6640 7227 2567 2749

 3419 2360 6322 5313 2129

 2805 1023 4864 3665 2696

 6209 3918 2644 6553 273

 6876 9852 2881 175 3168

 8872 3039 3596 4726 2387

 8911 6604 9987 1975 14

 239 6394 879 3093 7453

 1543 298 2500 4070 5389

 8881 3938 7699 2638 3006

 8766 6643 9131 7464 5169

 7990 5439 2822 9521 2393

 814 1653 7680 4918 7925

 3676 6667 5033 7599 8050

 2246 1368 1045 1695 3230

 8962 4623 8138 2224 5456

 8368 4340 9370 2068 3099

 7671 3059 6431 3708 1650

 6026 3173 6596 9078 5108

 3402 72 1822 1920 5985
 765 2558 4611 5510 9678
 1444 8780 5492 2193 8588
 6662 5260 1870 3705 2243
 3245 8153 8238 4050 333
 6002 1374 7021 6718 9102
 4794 2528 3939 3265 3530
 2379 7306 7912 8243 1903
 5642 2231 368 337 9925
 8759 9991 9320 1227 3776
 606 3522 3386 798 3139
 6407 5981 1733 8547 192
 4036 665 6696 1729 9859
 4648 7998 7180 9283 2530
 5057 9469 8106 1387 4152
 9970 8934 5936 4094 7791
 346 6433 1299 9327 3291
 276 7731 1401 7425 8264
 6967 3517 4693 8196 2204
 1614 7342 8931 8981 4737
 8016 2790 3408 5535 4846
 5668 7969 3538 5156 1828
 2487 4588 5627 3963 726
 8968 7160 5629 5559 3317
 5767 5195 5816 9074 1448
 271 9090 9882 9478 6582
 5859 3695 2835 3983 2366
 2402 1551 7831 2593 7
 4901 340 8218 6817 67
 205 7565 8451 6556 729
 5200 126 3834 8293 347
 9277 6319 1859 2110 1861
 7426 6464 1848 1392 942
 4873 5399 1278 2616 3142
 4037 4068 5683 9259 443
 3276 3924 8088 614 1633
 7772 7153 5819 7675 1001
 7451 7874 5958 2743 2513
 5181 9152 4310 7674 4867
 9525 1898 4043 2321 8553
 4174 6259 1413 5682 5737
 1074 3226 7866 9706 9557
 5458 9477 5196 8961 5796
 6436 5321 5342 4439 8708
 9640 1216 6656 8772 1335
 6545 723 8522 1375 3189
 827 6739 2482 2185 7403
 4185 9501 6906 7630 6762
 5143 2844 2076 3543 3985
 381 8347 9646 7198 4911
 9261 5037 7443 4881 7103
 4224 1253 3051 1164 7871
 9649 4855 1845 5924 1675
 9368 6502 3050 4879 5556
 972 6297 6302 6736 6188
 4949 9558 6212 144 1311
 1350 5609 2406 3706 6036
 9324 7030 7029 1379 8558
 1523 3395 2308 8793 9014
 1894 6261 4512 3867 8935
 238 5544 3076 5992 9659
 1553 4768 6722 2731 7173
 4811 5360 7417 227 6031
 2663 8491 5619 7677 598
 2350 4299 3925 1408 6247
 4397 9781 8702 338 1383
 3753 7734 861 3844 9704
 6299 9030 119 875 7793
 4098 6707 342 5780